1009
1010
10171
10172
10173
10326
10327
10329
10687
10688
10689
10690
10691
1327
1328
1344
1361
1362
1363
1379
1401
1411
1421
1435
1442
1448
1449
1458
1459
1513
1630
1635
1681
1737
1738
1740
1742
1743
1755
1756
1757
1758
1759
1760
1762
1766
1776
1824
1825
1826
1830
1831
1832
1834
1892
1894
1895
1900
1901
1902
1903
1904
1906
1908
1970
1971
1972
1973
1974
1975
1976
1977
1978
1979
1980
1981
1989
1990
1991
1993
1994
2007
2113
2114
2115
2126
2142
2143
2147
2156
225
226
227
229
233
234
236
238
239
240
241
243
253
259
260
2644
2645
2646
2759
2760
2761
2762
2763
2764
2765
2766
2767
440
442
443
444
445
449
450
451
452
453
458
459
461
462
463
507
508
509
510
511
512
513
514
518
519
520
521
522
528
531
550
551
565
566
573
576
577
578
579
580
581
582
583
592
593
595
596
598
599
613
629
630
631
632
636
640
683
684
686
702
703
704
705
706
830
831
855
856
889
890
1009
1010
10171
10172
10173
10326
10327
10329
10687
10688
10689
10690
10691
1327
1328
1344
1361
1362
1363
1379
1401
1411
1421
1435
1442
1448
1449
1458
1459
1513
1630
1635
1681
1737
1738
1740
1742
1743
1755
1756
1757
1758
1759
1760
1762
1766
1776
1824
1825
1826
1830
1831
1832
1834
1892
1894
1895
1900
1901
1902
1903
1904
1906
1908
1970
1971
1972
1973
1974
1975
1976
1977
1978
1979
1980
1981
1989
1990
1991
1993
1994
2007
2113
2114
2115
2126
2142
2143
2147
2156
225
226
227
229
233
234
236
238
239
240
241
243
253
259
260
2644
2645
2646
2759
2760
2761
2762
2763
2764
2765
2766
2767
440
442
443
444
445
449
450
451
452
453
458
459
461
462
463
507
508
509
510
511
512
513
514
518
519
520
521
522
528
1009
1010
10171
10172
10173
10326
10327
10329
10687
10688
10689
10690
10691
1327
1328
1344
1361
1362
1363
1379
1401
1411
1421
1435
1442
1448
1449
1458
1459
1513
1630
1635
1681
1737
1738
1740
1742
1743
1755
1756
1757
1758
1759
1760
1762
1766
1776
1824
1825
1826
1830
1831
1832
1834
1892
1894
1895
1900
1901
1902
1903
1904
1906
1908
1970
1971
1972
1973
1974
1975
1976
1977
1978
1979
1980
1981
1989
1990
1991
1993
1994
2007
2113
2114
2115
2126
2142
2143
2147
2156
225
226
227
229
233
234
236
238
239
240
241
243
253
259
260
2644
2645
2646
2759
2760
2761
2762
2763
2764
2765
2766
2767
440
442
443
444
445
449
450
451
452
453
458
459
461
462
463
507
508
509
510
511
512
513
514
518
519
520
521
522
528
531
550
551
565
566
573
576
577
578
579
580
581
582
583
592
593
595
596
598
599
613
629
630
631
632
636
640
683
684
686
702
703
704
705
706
830
831
855
856
889
890
1009
1010
10171
10172
10173
10326
10327
10329
10687
10688
10689
10690
10691
1327
1328
1344
1361
1362
1363
1379
1401
1411
1421
1435
1442
1448
1449
1458
1459
1513
1630
1635
1681
1737
1738
1740
1742
1743
1755
1756
1757
1758
1759
1760
1762
1766
1776
1824
1825
1826
1830
1831
1832
1834
1892
1894
1895
1900
1901
1902
1903
1904
1906
1908
1970
1971
1972
1973
1974
1975
1976
1977
1978
1979
1980
1981
1989
1990
1991
1993
1994
2007
2113
2114
2115
2126
2142
2143
2147
2156
225
226
227
229
233
234
236
238
239
240
241
243
253
259
260
2644
2645
2646
2759
2760
2761
2762
2763
2764
2765
2766
2767
440
442
443
444
445
449
450
451
452
453
458
459
461
462
463
507
508
509
510
511
512
513
514
518
519
520
521
522
528
531
550
551
565
566
573
576
577
578
579
580
581
582
583
592
593
595
596
598
599
613
629
630
631
632
636
640
683
1009
1010
10171
10172
10173
10326
10327
10329
10687
10688
10689
10690
10691
1327
1328
1344
1361
1362
1363
1379
1401
1411
1421
1435
1442
1448
1449
1458
1459
1513
1630
1635
1681
1737
1738
1740
1742
1743
1755
1756
1757
1758
1759
1760
1762
1766
1776
1824
1825
1826
1830
1831
1832
1834
1892
1894
1895
1900
1901
1902
1903
1904
1906
1908
1970
1971
1972
1973
1974
1975
1976
1977
1978
1979
1980
1981
1989
1990
1991
1993
1994
2007
2113
2114
2115
2126
2142
2143
2147
2156
225
226
227
229
233
234
236
238
239
240
241
243
253
259
260
2644
2645
2646
2759
2760
2761
2762
2763
2764
2765
2766
2767
440
442
443
444
445
449
450
451
452
453
458
459
461
462
463
507
508
509
510
511
512
513
514
518
519
520
521
522
528
531
550
551
565
566
573
576
577
578
579
580
581
582
583
592
593
595
596
598
599
613
629
630
631
632
636
640
683
684
686
702
703
704
705
706
830
831
855
856
889
890
1009
1009
1010
1010
10134
10135
10136
10171
10171
10172
10172
10173
10173
10326
10326
10327
10327
10329
10329
10687
10687
10688
10688
10689
10689
10690
10690
10691
10691
1327
1327
1328
1328
1344
1344
1361
1361
1362
1362
1363
1363
1379
1379
1401
1401
1411
1411
1421
1421
1435
1435
1442
1442
1448
1448
1449
1449
1458
1458
1459
1459
1513
1513
1630
1630
1635
1635
1681
1681
1737
1737
1738
1738
1740
1740
1742
1742
1743
1743
1755
1755
1756
1756
1757
1757
1758
1758
1759
1759
1760
1760
1762
1762
1766
1766
1776
1776
1824
1824
1825
1825
1826
1826
1830
1830
1831
1831
1832
1832
1834
1834
1892
1892
1894
1894
1895
1895
1900
1900
1901
1901
1902
1902
1903
1903
1904
1904
1906
1906
1908
1908
1970
1970
1971
1971
1972
1972
1973
1973
1974
1974
1975
1975
1976
1976
1977
1977
1978
1978
1979
1979
1980
1980
1981
1981
1989
1989
1990
1990
1991
1991
1993
1993
1994
1994
2007
2007
2113
2113
2114
2114
2115
2115
2126
2126
2142
2142
2143
2143
2147
2147
2156
2156
225
225
226
226
227
227
229
229
233
233
234
234
236
236
238
238
239
239
240
240
241
241
243
243
253
253
259
259
260
260
2644
2644
2645
2645
2646
2646
2759
2759
2760
2760
2761
2761
2762
2762
2763
2763
2764
2764
2765
2765
2766
2766
2767
2767
2784
440
440
442
442
443
443
444
444
445
445
449
449
450
450
451
451
452
452
453
453
458
458
459
459
461
461
462
462
463
463
507
507
508
508
509
509
510
510
511
511
512
512
513
513
514
514
518
518
519
519
520
520
521
521
522
522
528
528
531
531
550
550
551
551
565
565
566
566
573
573
576
576
577
577
578
578
579
579
580
580
581
581
582
582
583
583
592
592
593
593
595
595
596
596
598
598
599
599
613
613
629
629
630
630
631
631
632
632
636
636
640
640
683
683
684
684
686
686
702
702
703
703
704
704
705
705
706
706
726
727
728
729
730
731
732
733
734
735
736
737
830
830
831
831
855
855
856
856
889
889
890
890
1009
1009
1010
1010
10134
10135
10136
10171
10171
10172
10172
10173
10173
10326
10326
10327
10327
10329
10329
10687
10687
10688
10688
10689
10689
10690
10690
10691
10691
1327
1327
1328
1328
1344
1344
1361
1361
1362
1362
1363
1363
1379
1379
1401
1401
1411
1411
1421
1421
1435
1435
1442
1442
1448
1448
1449
1449
1458
1458
1459
1459
1513
1513
1630
1630
1635
1635
1681
1681
1737
1737
1738
1738
1740
1740
1742
1742
1743
1743
1755
1755
1756
1756
1757
1757
1758
1758
1759
1759
1760
1760
1762
1762
1766
1766
1776
1776
1824
1824
1825
1825
1826
1826
1830
1830
1831
1831
1832
1832
1834
1834
1892
1892
1894
1894
1895
1895
1900
1900
1901
1901
1902
1902
1903
1903
1904
1904
1906
1906
1908
1908
1970
1970
1971
1971
1972
1972
1973
1973
1974
1974
1975
1975
1976
1976
1977
1977
1978
1978
1979
1979
1980
1980
1981
1981
1989
1989
1990
1990
1991
1991
1993
1993
1994
1994
2007
2007
2113
2113
2114
2114
2115
2115
2126
2126
2142
2142
2143
2143
2147
2147
2156
2156
225
225
226
226
227
227
229
229
233
233
234
234
236
236
238
238
239
239
240
240
241
241
243
243
253
253
259
259
260
260
2644
2644
2645
2645
2646
2646
2759
2759
2760
2760
2761
2761
2762
2762
2763
2763
2764
2764
2765
2765
2766
2766
2767
2767
2784
440
440
442
442
443
443
444
444
445
445
449
449
450
450
451
451
452
452
453
453
458
458
459
459
461
461
462
462
463
463
507
507
508
508
509
509
510
510
511
511
512
512
513
513
514
514
518
518
519
519
520
520
521
521
522
522
528
528
531
531
550
550
551
551
565
565
566
566
573
573
576
576
577
577
578
578
579
579
580
580
581
581
582
582
583
583
592
592
593
593
595
595
596
596
598
598
599
599
613
613
629
629
630
630
631
631
632
632
636
636
640
640
683
683
684
684
686
686
702
702
703
703
704
704
705
705
706
706
726
727
728
729
730
731
732
733
734
735
736
737
830
830
831
831
855
855
856
856
889
889
890
890
1009
1009
1010
1010
10134
10135
10136
10171
10171
10172
10172
10173
10173
10326
10326
10327
10327
10329
10329
10687
10687
10688
10688
10689
10689
10690
10690
10691
10691
1327
1327
1328
1328
1344
1344
1361
1361
1362
1362
1363
1363
1379
1379
1401
1401
1411
1411
1421
1421
1435
1435
1442
1442
1448
1448
1449
1449
1458
1458
1459
1459
1513
1513
1630
1630
1635
1635
1681
1681
1737
1737
1738
1738
1740
1740
1742
1742
1743
1743
1755
1755
1756
1756
1757
1757
1758
1758
1759
1759
1760
1760
1762
1762
1766
1766
1776
1776
1824
1824
1825
1825
1826
1826
1830
1830
1831
1831
1832
1832
1834
1834
1892
1892
1894
1894
1895
1895
1900
1900
1901
1901
1902
1902
1903
1903
1904
1904
1906
1906
1908
1908
1970
1970
1971
1971
1972
1972
1973
1973
1974
1974
1975
1975
1976
1976
1977
1977
1978
1978
1979
1979
1980
1980
1981
1981
1989
1989
1990
1990
1991
1991
1993
1993
1994
1994
2007
2007
2113
2113
2114
2114
2115
2115
2126
2126
2142
2142
2143
2143
2147
2147
2156
2156
225
225
226
226
227
227
229
229
233
233
234
234
236
236
238
238
239
239
240
240
241
241
243
243
253
253
259
259
260
260
2644
2644
2645
2645
2646
2646
2759
2759
2760
2760
2761
2761
2762
2762
2763
2763
2764
2764
2765
2765
2766
2766
2767
2767
2784
440
440
442
442
443
443
444
444
445
445
449
449
450
450
451
451
452
452
453
453
458
458
459
459
461
461
462
462
463
463
507
507
508
508
509
509
510
510
511
511
512
512
513
513
514
514
518
518
519
519
520
520
521
521
522
522
528
528
531
531
550
550
551
551
565
565
566
566
573
573
576
576
577
577
578
578
579
579
580
580
581
581
582
582
583
583
592
592
593
593
595
595
596
596
598
598
599
599
613
613
629
629
630
630
631
631
632
632
636
636
640
640
683
683
684
684
686
686
702
702
703
703
704
704
705
705
706
706
726
727
728
729
730
731
732
733
734
735
736
737
830
830
831
831
855
855
856
856
889
889
890
890
1009
1009
1010
1010
10134
10135
10136
10171
10171
10172
10172
10173
10173
10326
10326
10327
10327
10329
10329
10687
10687
10688
10688
10689
10689
10690
10690
10691
10691
1327
1327
1328
1328
1344
1344
1361
1361
1362
1362
1363
1363
1379
1379
1401
1401
1411
1411
1421
1421
1435
1435
1442
1442
1448
1448
1449
1449
1458
1458
1459
1459
1513
1513
1630
1630
1635
1635
1681
1681
1737
1737
1738
1738
1740
1740
1742
1742
1743
1743
1755
1755
1756
1756
1757
1757
1758
1758
1759
1759
1760
1760
1762
1762
1766
1766
1776
1776
1824
1824
1825
1825
1826
1826
1830
1830
1831
1831
1832
1832
1834
1834
1892
1892
1894
1894
1895
1895
1900
1900
1901
1901
1902
1902
1903
1903
1904
1904
1906
1906
1908
1908
1970
1970
1971
1971
1972
1972
1973
1973
1974
1974
1975
1975
1976
1976
1977
1977
1978
1978
1979
1979
1980
1980
1981
1981
1989
1989
1990
1990
1991
1991
1993
1993
1994
1994
2007
2007
2113
2113
2114
2114
2115
2115
2126
2126
2142
2142
2143
2143
2147
2147
2156
2156
225
225
226
226
227
227
229
229
233
233
234
234
236
236
238
238
239
239
240
240
241
241
243
243
253
253
259
259
260
260
2644
2644
2645
2645
2646
2646
2759
2759
2760
2760
2761
2761
2762
2762
2763
2763
2764
2764
2765
2765
2766
2766
2767
2767
2784
440
440
442
442
443
443
444
444
445
445
449
449
450
450
451
451
452
452
453
453
458
458
459
459
461
461
462
462
463
463
507
507
508
508
509
509
510
510
511
511
512
512
513
513
514
514
518
518
519
519
520
520
521
521
522
522
528
528
531
531
550
550
551
551
565
565
566
566
573
573
576
576
577
577
578
578
579
579
580
580
581
581
582
582
583
583
592
592
593
593
595
595
596
596
598
598
599
599
613
613
629
629
630
630
631
631
632
632
636
636
640
640
683
683
684
684
686
686
702
702
703
703
704
704
705
705
706
706
726
727
728
729
730
731
732
733
734
735
736
737
830
830
831
831
855
855
856
856
889
889
890
890
1009
1009
1010
1010
10134
10135
10136
10171
10171
10172
10172
10173
10173
10326
10326
10327
10327
10329
10329
10687
10687
10688
10688
10689
10689
10690
10690
10691
10691
1327
1327
1328
1328
1344
1344
1361
1361
1362
1362
1363
1363
1379
1379
1401
1401
1411
1411
1421
1421
1435
1435
1442
1442
1448
1448
1449
1449
1458
1458
1459
1459
1513
1513
1630
1630
1635
1635
1681
1681
1737
1737
1738
1738
1740
1740
1742
1742
1743
1743
1755
1755
1756
1756
1757
1757
1758
1758
1759
1759
1760
1760
1762
1762
1766
1766
1776
1776
1824
1824
1825
1825
1826
1826
1830
1830
1831
1831
1832
1832
1834
1834
1892
1892
1894
1894
1895
1895
1900
1900
1901
1901
1902
1902
1903
1903
1904
1904
1906
1906
1908
1908
1970
1970
1971
1971
1972
1972
1973
1973
1974
1974
1975
1975
1976
1976
1977
1977
1978
1978
1979
1979
1980
1980
1981
1981
1989
1989
1990
1990
1991
1991
1993
1993
1994
1994
2007
2007
2113
2113
2114
2114
2115
2115
2126
2126
2142
2142
2143
2143
2147
2147
2156
2156
225
225
226
226
227
227
229
229
233
233
234
234
236
236
238
238
239
239
240
240
241
241
243
243
253
253
259
259
260
260
2644
2644
2645
2645
2646
2646
2759
2759
2760
2760
2761
2761
2762
2762
2763
2763
2764
2764
2765
2765
2766
2766
2767
2767
2784
440
440
442
442
443
443
444
444
445
445
449
449
450
450
451
451
452
452
453
453
458
458
459
459
461
461
462
462
463
463
507
507
508
508
509
509
510
510
511
511
512
512
513
513
514
514
518
518
519
519
520
520
521
521
522
522
528
528
531
531
550
550
551
551
565
565
566
566
573
573
576
576
577
577
578
578
579
579
580
580
581
581
582
582
583
583
592
592
593
593
595
595
596
596
598
598
599
599
613
613
629
629
630
630
631
631
632
632
636
636
640
640
683
683
684
684
686
686
702
702
703
703
704
704
705
705
706
706
726
727
728
729
730
731
732
733
734
735
736
737
830
830
831
831
855
855
856
856
889
889
890
890
1009
1009
1010
1010
1009
1009
1010
1010
10134
1009
1009
1010
1010
1009
1009
1010
1010
10134
10135
10136
10171
10171
10172
10172
10173
10173
10326
10326
10327
10327
10329
10329
10687
10687
10688
10688
10689
10689
10690
10690
10691
10691
1327
1327
1328
1328
1344
1344
1361
1361
1362
1362
1363
1363
1379
1379
1401
1401
1411
1411
1421
1421
1435
1435
1442
1442
1448
1448
1449
1449
1458
1458
1459
1459
1513
1513
1630
1630
1635
1635
1681
1681
1737
1737
1738
1738
1740
1740
1742
1742
1743
1743
1755
1755
1756
1756
1757
1757
1758
1758
1759
1759
1760
1760
1762
1762
1766
1766
1009
1009
1010
1010
10134
10135
10136
10171
10171
10172
10172
10173
10173
10326
10326
10327
10327
10329
10329
10687
10687
10688
10688
10689
10689
10690
10690
10691
10691
1327
1327
1328
1328
1344
1344
1361
1361
1362
1362
1363
1363
1379
1379
1401
1401
1411
1411
1421
1421
1435
1435
1442
1442
1448
1448
1449
1449
1458
1458
1459
1459
1513
1513
1630
1630
1635
1635
1681
1681
1737
1737
1738
1738
1740
1740
1742
1742
1743
1743
1755
1755
1756
1756
1757
1757
1009
1009
1010
1010
10134
10135
10136
10171
10171
10172
10172
10173
10173
10326
10326
10327
10327
10329
10329
10687
10687
10688
10688
10689
10689
10690
10690
10691
10691
1327
1327
1328
1328
1344
1344
1361
1361
1362
1362
1363
1363
1379
1379
1401
1401
1411
1411
1421
1421
1435
1435
1442
1442
1448
1448
1449
1449
1458
1458
1459
1459
1513
1513
1630
1630
1635
1635
1681
1681
1737
1737
1738
1738
1740
1740
1742
1742
1743
1743
1755
1755
1756
1756
1757
1757
1009
1009
1010
1010
10134
10135
10136
10171
10171
10172
10172
10173
10173
10326
10326
10327
10327
10329
10329
10687
10687
10688
10688
10689
10689
10690
10690
10691
10691
1327
1327
1328
1328
1344
1344
1361
1361
1362
1362
1363
1363
1379
1379
1401
1401
1411
1411
1421
1421
1435
1435
1442
1442
1448
1448
1449
1449
1458
1458
1459
1459
1513
1513
1630
1630
1635
1635
1681
1681
1737
1737
1738
1738
1740
1740
1742
1742
1743
1743
1755
1755
1756
1756
1757
1757
1758
1758
1759
1759
1760
1760
1762
1762
1766
1766
1776
1776
1824
1824
1825
1825
1826
1826
1830
1830
1831
1831
1832
1832
1834
1834
1892
1892
1894
1894
1895
1895
1900
1900
1901
1901
1902
1902
1903
1903
1904
1904
1906
1906
1908
1908
1970
1970
1971
1971
1972
1972
1973
1973
1974
1974
1975
1975
1976
1976
1977
1977
1978
1978
1979
1979
1980
1980
1981
1981
1989
1989
1990
1990
1991
1991
1993
1993
1994
1994
2007
2007
2113
2113
2114
2114
2115
2115
2126
2126
2142
2142
2143
2143
2147
2147
2156
2156
225
225
226
226
227
227
229
229
233
233
234
234
236
236
238
238
239
239
240
240
241
241
243
243
253
253
259
259
260
260
2644
2644
2645
2645
2646
2646
2759
2759
2760
2760
2761
2761
2762
2762
2763
2763
2764
2764
2765
2765
2766
2766
2767
2767
2784
440
440
442
442
443
443
444
444
445
445
449
449
450
450
451
451
452
452
453
453
458
458
459
459
461
461
462
462
463
463
507
507
508
508
509
509
510
510
511
511
512
512
513
513
514
514
518
518
519
519
520
520
521
521
522
522
528
528
531
531
550
550
551
551
565
565
566
566
573
573
576
576
577
577
578
578
579
579
580
580
581
581
582
582
583
583
592
592
593
593
595
595
596
596
598
598
599
599
613
613
629
629
630
630
631
631
632
632
636
636
640
640
683
683
684
684
686
686
702
702
703
703
704
704
705
705
706
706
726
727
728
729
730
731
732
733
734
735
736
737
830
830
831
831
855
855
856
856
889
889
890
890
1009
1009
1009
1010
1010
1010
10134
10135
10136
10171
10171
10171
10172
10172
10173
10173
10173
10326
10326
10327
10327
10329
10329
1039
10687
10687
10688
10688
10689
10689
10690
10690
10691
10691
11123
1327
1327
1327
1328
1328
1328
1344
1344
1344
1361
1361
1361
1362
1362
1362
1363
1363
1363
1379
1379
1379
1401
1401
1401
1411
1411
1411
1421
1421
1421
1435
1435
1435
1442
1442
1442
1448
1448
1448
1449
1449
1449
1458
1458
1458
1459
1459
1459
1513
1513
1513
1630
1630
1630
1635
1635
1635
1681
1681
1681
1737
1737
1737
1738
1738
1738
1740
1740
1740
1742
1742
1742
1743
1743
1743
1755
1755
1755
1756
1756
1756
1757
1757
1757
1758
1758
1758
1759
1759
1759
1760
1760
1760
1762
1762
1762
1766
1766
1766
1776
1776
1824
1824
1824
1825
1825
1825
1826
1826
1826
1830
1830
1831
1831
1831
1832
1832
1832
1833
1834
1834
1834
1892
1892
1893
1894
1894
1895
1895
1895
1900
1900
1900
1901
1901
1902
1902
1903
1903
1904
1904
1904
1906
1906
1906
1908
1908
1970
1970
1970
1971
1971
1972
1972
1973
1973
1973
1974
1974
1975
1975
1976
1976
1977
1977
1977
1978
1978
1979
1979
1979
1980
1980
1981
1981
1981
1989
1989
1990
1990
1991
1991
1993
1993
1994
1994
1994
2007
2007
2007
2113
2113
2114
2114
2115
2115
2115
2126
2126
2142
2142
2143
2143
2147
2147
2156
2156
2158
225
225
226
226
227
227
229
229
233
233
234
234
236
236
236
238
238
238
239
239
239
240
240
241
241
243
243
243
253
253
259
259
260
260
2644
2644
2644
2645
2645
2645
2646
2646
2647
2702
2759
2759
2760
2760
2761
2761
2762
2762
2763
2763
2764
2764
2765
2765
2766
2766
2767
2767
2784
440
440
440
442
442
442
443
443
443
444
444
444
445
445
445
449
449
449
450
450
450
451
451
451
452
452
452
453
453
453
458
458
458
459
459
459
461
461
461
462
462
462
463
463
463
485
486
490
492
494
496
497
499
500
502
503
505
507
507
508
508
509
509
510
510
511
511
512
512
513
513
514
514
514
518
518
519
519
520
520
521
521
522
522
528
528
528
529
530
531
531
531
550
550
550
551
551
551
565
565
565
566
566
566
573
573
573
576
576
577
577
578
578
579
579
580
580
581
581
582
582
583
583
592
592
592
593
593
593
595
595
595
596
596
596
598
598
598
599
599
599
613
613
613
629
629
629
630
630
630
631
631
631
632
632
632
636
636
636
640
640
640
683
683
683
684
684
684
686
686
686
702
702
702
703
703
703
704
704
704
705
705
705
706
706
706
726
727
727
728
729
729
730
731
732
733
733
734
735
736
737
781
782
783
784
785
786
787
788
789
790
791
792
793
794
795
796
797
798
799
800
801
802
810
811
812
813
814
815
816
817
818
819
820
821
822
823
824
830
830
830
831
831
831
855
855
855
856
856
856
889
889
889
890
890
890
1009
1009
1009
1010
1010
1010
10134
10135
10136
10171
10171
10171
10172
10172
10173
10173
10173
10326
10326
10327
10327
10329
10329
1039
10687
10687
10688
10688
10689
10689
10690
10690
10691
10691
11123
1327
1327
1327
1328
1328
1328
1344
1344
1344
1361
1361
1361
1362
1362
1362
1363
1363
1363
1379
1379
1379
1401
1401
1401
1411
1411
1411
1421
1421
1421
1435
1435
1435
1442
1442
1442
1448
1448
1448
1449
1449
1449
1458
1458
1458
1459
1459
1459
1513
1513
1513
1630
1630
1630
1635
1635
1635
1681
1681
1681
1737
1737
1737
1738
1738
1738
1740
1740
1740
1742
1742
1742
1743
1743
1743
1755
1755
1755
1756
1756
1756
1757
1757
1757
1758
1758
1758
1759
1759
1759
1760
1760
1760
1762
1762
1762
1766
1766
1766
1776
1776
1824
1824
1824
1825
1825
1825
1826
1826
1826
1830
1830
1831
1831
1831
1832
1832
1832
1833
1834
1834
1834
1892
1892
1893
1894
1894
1895
1895
1895
1900
1900
1900
1901
1901
1902
1902
1903
1903
1904
1904
1904
1906
1906
1906
1908
1908
1970
1970
1970
1971
1971
1972
1972
1973
1973
1973
1974
1974
1975
1975
1976
1976
1977
1977
1977
1978
1978
1979
1979
1979
1980
1980
1981
1981
1981
1989
1989
1990
1990
1991
1991
1993
1993
1994
1994
1994
2007
2007
2007
2113
2113
2114
2114
2115
2115
2115
2126
2126
2142
2142
2143
2143
2147
2147
2156
2156
2158
225
225
226
226
227
227
229
229
233
233
234
234
236
236
236
238
238
238
239
239
239
240
240
241
241
243
243
243
253
253
259
259
260
260
2644
2644
2644
2645
2645
2645
2646
2646
2647
2702
2759
2759
2760
2760
2761
2761
2762
2762
2763
2763
2764
2764
2765
2765
2766
2766
2767
2767
2784
440
440
440
442
442
442
443
443
443
444
444
444
445
445
445
449
449
449
450
450
450
451
451
451
452
452
452
453
453
453
458
458
458
459
459
459
461
461
461
462
462
462
463
463
463
485
486
490
492
494
496
497
499
500
502
503
505
507
507
508
508
509
509
510
510
511
511
512
512
513
513
514
514
514
518
518
519
519
520
520
521
521
522
522
528
528
528
529
530
531
531
531
550
550
550
551
551
551
565
565
565
566
566
566
573
573
573
576
576
577
577
578
578
579
579
580
580
581
581
582
582
583
583
592
592
592
593
593
593
595
595
595
596
596
596
598
598
598
599
599
599
613
613
613
629
629
629
630
630
630
631
631
631
632
632
632
636
636
636
640
640
640
683
683
683
684
684
684
686
686
686
702
702
702
703
703
703
704
704
704
705
705
705
706
706
706
726
727
727
728
729
729
730
731
732
733
733
734
735
736
737
781
782
783
784
785
786
787
788
789
790
791
792
793
794
795
796
797
798
799
800
801
802
810
811
812
813
814
815
816
817
818
819
820
821
822
823
824
830
830
830
831
831
831
855
855
855
856
856
856
889
889
889
890
890
890
1009
1009
1009
1010
1010
1010
10134
10135
10136
10171
10171
10171
10172
10172
10173
10173
10173
10326
10326
10327
10327
10329
10329
1039
10687
10687
10688
10688
10689
10689
10690
10690
10691
10691
11123
1327
1327
1327
1328
1328
1328
1344
1344
1344
1361
1361
1361
1362
1362
1362
1363
1363
1363
1379
1379
1379
1401
1401
1401
1411
1411
1411
1421
1421
1421
1435
1435
1435
1442
1442
1442
1448
1448
1448
1449
1449
1449
1458
1458
1458
1459
1459
1459
1513
1513
1513
1630
1630
1630
1635
1635
1635
1681
1681
1681
1737
1737
1737
1738
1738
1738
1740
1740
1740
1742
1742
1742
1743
1743
1743
1755
1755
1755
1756
1756
1756
1757
1757
1757
1758
1758
1758
1759
1759
1759
1760
1760
1760
1762
1762
1762
1766
1766
1766
1776
1776
1824
1824
1824
1825
1825
1825
1826
1826
1826
1830
1830
1831
1831
1831
1832
1832
1832
1833
1834
1834
1834
1892
1892
1893
1894
1894
1895
1895
1895
1900
1900
1900
1901
1901
1902
1902
1903
1903
1904
1904
1904
1906
1906
1906
1908
1908
1970
1970
1970
1971
1971
1972
1972
1973
1973
1973
1974
1974
1975
1975
1976
1976
1977
1977
1977
1978
1978
1979
1979
1979
1980
1980
1981
1981
1981
1989
1989
1990
1990
1991
1991
1993
1993
1994
1994
1994
2007
2007
2007
2113
2113
2114
2114
2115
2115
2115
2126
2126
2142
2142
2143
2143
2147
2147
2156
2156
2158
225
225
226
226
227
227
229
229
233
233
234
234
236
236
236
238
238
238
239
239
239
240
240
241
241
243
243
243
253
253
259
259
260
260
2644
2644
2644
2645
2645
2645
2646
2646
2647
2702
2759
2759
2760
2760
2761
2761
2762
2762
2763
2763
2764
2764
2765
2765
2766
2766
2767
2767
2784
440
440
440
442
442
442
443
443
443
444
444
444
445
445
445
449
449
449
450
450
450
451
451
451
452
452
452
453
453
453
458
458
458
459
459
459
461
461
461
462
462
462
463
463
463
485
486
490
492
494
496
497
499
500
502
503
505
507
507
508
508
509
509
510
510
511
511
512
512
513
513
514
514
514
518
518
519
519
520
520
521
521
522
522
528
528
528
529
530
531
531
531
550
550
550
551
551
551
565
565
565
566
566
566
573
573
573
576
576
577
577
578
578
579
579
580
580
581
581
582
582
583
583
592
592
592
593
593
593
595
595
595
596
596
596
598
598
598
599
599
599
613
613
613
629
629
629
630
630
630
631
631
631
632
632
632
636
636
636
640
640
640
683
683
683
684
684
684
686
686
686
702
702
702
703
703
703
704
704
704
705
705
705
706
706
706
726
727
727
728
729
729
730
731
732
733
733
734
735
736
737
781
782
783
784
785
786
787
788
789
790
791
792
793
794
795
796
797
798
799
800
801
802
810
811
812
813
814
815
816
817
818
819
820
821
822
823
824
830
830
830
831
831
831
855
855
855
856
856
856
889
889
889
890
890
890
1009
1009
1009
1010
1010
1010
10134
10135
10136
10171
10171
10171
10172
10172
10173
10173
10173
10326
10326
10327
10327
10329
10329
1009
1009
1009
1010
1010
1010
10134
10135
10136
10171
10171
10171
10172
10172
10173
10173
10173
10326
10326
10327
10327
10329
10329
1039
10687
10687
10688
10688
10689
10689
10690
10690
10691
10691
1009
1009
1009
1010
1010
1010
10134
10135
10136
10171
10171
10171
10172
10172
10173
10173
10173
10326
10326
10327
10327
10329
10329
1039
10687
10687
10688
10688
10689
10689
10690
10690
10691
10691
1009
1009
1009
1010
1010
1010
10134
10135
10136
10171
10171
10171
10172
10172
10173
10173
10173
10326
10326
10327
10327
10329
10329
1039
10687
10687
10688
10688
10689
10689
10690
10690
10691
10691
1009
1009
1009
1010
1010
1010
10134
10135
10136
10171
10171
10171
10172
10172
10173
10173
10173
10326
10326
10327
10327
10329
10329
1009
1009
1009
1010
1010
1010
10134
10135
10136
10171
10171
10171
10172
10172
10173
10173
10173
10326
10326
10327
10327
10329
10329
1009
1009
1009
1010
1010
1010
10134
10135
10136
10171
10171
10171
10172
10172
10173
10173
10173
10326
10326
10327
10327
10329
10329
1039
10687
10687
10688
10688
10689
10689
10690
10690
10691
10691
11123
1327
1327
1327
1328
1328
1328
1344
1344
1344
1361
1361
1361
1362
1362
1362
1363
1363
1363
1379
1379
1379
1401
1401
1401
1411
1411
1411
1421
1421
1421
1435
1435
1435
1442
1442
1442
1448
1448
1448
1449
1449
1449
1458
1458
1458
1459
1459
1459
1513
1513
1513
1630
1630
1630
1635
1635
1635
1681
1681
1681
1737
1737
1737
1738
1738
1738
1740
1740
1740
1742
1742
1742
1743
1743
1743
1755
1755
1755
1756
1756
1756
1757
1757
1757
1758
1758
1758
1759
1759
1759
1760
1760
1760
1762
1762
1762
1766
1766
1766
1776
1776
1824
1824
1824
1825
1825
1825
1826
1826
1826
1830
1830
1831
1831
1831
1832
1832
1832
1833
1834
1834
1834
1892
1892
1893
1894
1894
1895
1895
1895
1900
1900
1900
1901
1901
1902
1902
1903
1903
1904
1904
1904
1906
1906
1906
1908
1908
1970
1970
1970
1971
1971
1972
1972
1973
1973
1973
1974
1974
1975
1975
1976
1976
1977
1977
1977
1978
1978
1979
1979
1979
1980
1980
1981
1981
1981
1989
1989
1990
1990
1991
1991
1993
1993
1994
1994
1994
2007
2007
2007
2113
2113
2114
2114
2115
2115
2115
2126
2126
2142
2142
2143
2143
2147
2147
2156
2156
2158
225
225
226
226
227
227
229
229
233
233
234
234
236
236
236
238
238
238
239
239
239
240
240
241
241
243
243
243
253
253
259
259
260
260
2644
2644
2644
2645
2645
2645
2646
2646
2647
2702
2759
2759
2760
2760
2761
2761
2762
2762
2763
2763
2764
2764
2765
2765
2766
2766
2767
2767
2784
440
440
440
442
442
442
443
443
443
444
444
444
445
445
445
449
449
449
450
450
450
451
451
451
452
452
452
453
453
453
458
458
458
459
459
459
461
461
461
462
462
462
463
463
463
485
486
490
492
1009
1009
1009
1010
1010
1010
10134
10135
10136
10171
10171
10171
10172
10172
10173
10173
10173
10326
10326
10327
10327
10329
10329
1039
10687
10687
10688
10688
10689
10689
10690
10690
10691
10691
11123
1327
1327
1327
1328
1328
1328
1344
1344
1344
1361
1361
1361
1362
1362
1362
1363
1363
1363
1379
1379
1379
1401
1401
1401
1411
1411
1411
1421
1421
1421
1435
1435
1435
1442
1442
1442
1448
1448
1448
1449
1449
1449
1458
1458
1458
1459
1459
1459
1513
1513
1513
1630
1630
1630
1635
1635
1635
1681
1681
1681
1737
1737
1737
1738
1738
1738
1740
1740
1740
1742
1742
1742
1743
1743
1743
1755
1755
1755
1756
1756
1756
1757
1757
1757
1758
1758
1758
1759
1759
1759
1760
1760
1760
1762
1762
1762
1766
1766
1766
1776
1776
1824
1824
1824
1825
1825
1825
1826
1826
1826
1830
1830
1831
1831
1831
1832
1832
1832
1833
1834
1834
1834
1892
1892
1893
1894
1894
1895
1895
1895
1900
1900
1900
1901
1901
1902
1902
1903
1903
1904
1904
1904
1906
1906
1906
1908
1908
1970
1970
1970
1971
1971
1972
1972
1973
1973
1973
1974
1974
1975
1975
1976
1976
1977
1977
1977
1978
1978
1979
1979
1979
1980
1980
1981
1981
1981
1989
1989
1990
1990
1991
1991
1993
1993
1994
1994
1994
2007
2007
2007
2113
2113
2114
2114
2115
2115
2115
2126
2126
2142
2142
2143
2143
2147
2147
2156
2156
2158
225
225
226
226
227
227
229
229
233
233
234
234
236
236
236
238
238
238
239
239
239
240
240
241
241
243
243
243
253
253
259
259
260
260
2644
2644
2644
2645
2645
2645
2646
2646
2647
2702
2759
2759
2760
2760
2761
2761
2762
2762
2763
2763
2764
2764
2765
2765
2766
2766
2767
2767
2784
440
440
440
442
442
442
443
443
443
444
444
444
445
445
445
449
449
449
450
450
450
451
451
451
452
452
452
453
453
453
458
458
458
459
459
459
461
461
461
462
462
462
463
463
463
485
486
490
492
494
496
497
499
500
502
503
505
507
507
508
508
509
509
510
510
511
511
512
512
513
513
514
514
514
518
518
519
519
520
520
521
521
522
522
528
528
528
529
530
531
531
531
550
550
550
551
551
551
565
565
565
566
566
566
573
573
573
576
576
577
577
578
578
579
579
580
580
581
581
582
582
583
583
592
592
592
593
593
593
595
595
595
596
596
596
598
598
598
599
599
599
613
613
613
629
629
629
630
630
630
631
631
631
632
632
632
636
636
636
640
640
640
683
683
683
684
684
684
686
686
686
702
702
702
703
703
703
704
704
704
705
705
705
706
706
706
726
727
727
728
729
729
730
731
732
733
733
734
735
736
737
781
782
783
784
785
786
787
788
789
790
791
792
793
794
795
796
797
798
799
800
801
802
810
811
812
813
814
815
816
817
818
819
820
821
822
823
824
830
830
830
831
831
831
855
855
855
856
856
856
889
889
889
890
890
890
1009
1009
1009
1010
1010
1010
10134
10135
10136
10171
10171
10171
10172
10172
10173
10173
10173
10326
10326
10327
10327
10329
10329
1039
10687
10687
10688
10688
10689
10689
10690
10690
10691
10691
11123
1327
1327
1327
1328
1328
1328
1344
1344
1344
1361
1361
1361
1362
1362
1362
1363
1363
1363
1379
1379
1379
1401
1401
1401
1411
1411
1411
1421
1421
1421
1435
1435
1435
1442
1442
1442
1448
1448
1448
1449
1449
1449
1458
1458
1458
1459
1459
1459
1513
1513
1513
1630
1630
1630
1635
1635
1635
1681
1681
1681
1737
1737
1737
1738
1738
1738
1740
1740
1740
1742
1742
1742
1743
1743
1743
1755
1755
1755
1756
1756
1756
1757
1757
1757
1758
1758
1758
1759
1759
1759
1760
1760
1760
1762
1762
1762
1766
1766
1766
1776
1776
1824
1824
1824
1825
1825
1825
1826
1826
1826
1830
1830
1831
1831
1831
1832
1832
1832
1833
1834
1834
1834
1892
1892
1893
1894
1894
1895
1895
1895
1900
1900
1900
1901
1901
1902
1902
1903
1903
1904
1904
1904
1906
1906
1906
1908
1908
1970
1970
1970
1971
1971
1972
1972
1973
1973
1973
1974
1974
1975
1975
1976
1976
1977
1977
1977
1978
1978
1979
1979
1979
1980
1980
1981
1981
1981
1989
1989
1990
1990
1991
1991
1993
1993
1994
1994
1994
2007
2007
2007
2113
2113
2114
2114
2115
2115
2115
2126
2126
2142
2142
2143
2143
2147
2147
2156
2156
2158
225
225
226
226
227
227
229
229
233
233
234
234
236
236
236
238
238
238
239
239
239
240
240
241
241
243
243
243
253
253
259
259
260
260
2644
2644
2644
2645
2645
2645
2646
2646
2647
2702
2759
2759
2760
2760
2761
2761
2762
2762
2763
2763
2764
2764
2765
2765
2766
2766
2767
2767
2784
440
440
440
442
442
442
443
443
443
444
444
444
445
445
445
449
449
449
450
450
450
451
451
451
452
452
452
453
453
453
458
458
458
459
459
459
461
461
461
462
462
462
463
463
463
485
486
490
492
494
496
497
499
500
502
503
505
507
507
508
508
509
509
510
510
511
511
512
512
513
513
514
514
514
518
518
519
519
520
520
521
521
522
522
528
528
528
529
530
531
531
531
550
550
550
551
551
551
565
565
565
566
566
566
573
573
573
576
576
577
577
578
578
579
579
580
580
581
581
582
582
583
583
592
592
592
593
593
593
595
595
595
596
596
596
598
598
598
599
599
599
613
613
613
629
629
629
630
630
630
631
631
631
632
632
632
636
636
636
640
640
640
683
683
683
684
684
684
686
686
686
702
702
702
703
703
703
704
704
704
705
705
705
706
706
706
726
727
727
728
729
729
730
731
732
733
733
734
735
736
737
781
782
783
784
785
786
787
788
789
790
791
792
793
794
795
796
797
798
799
800
801
802
810
811
812
813
814
815
816
817
818
819
820
821
822
823
824
830
830
830
831
831
831
855
855
855
856
856
856
889
889
889
890
890
890
